1 	 757 	 511 	 369 	 27
2 	 514 	 243 	 984 	 6
3 	 565 	 816 	 718 	 13
4 	 72 	 973 	 306 	 22
5 	 236 	 528 	 44 	 4
6 	 443 	 648 	 694 	 29
7 	 727 	 719 	 577 	 29
8 	 170 	 140 	 597 	 25
9 	 946 	 444 	 849 	 17
10 	 694 	 415 	 602 	 10
11 	 696 	 866 	 681 	 21
12 	 971 	 634 	 32 	 22
13 	 606 	 340 	 475 	 23
14 	 75 	 585 	 738 	 19
15 	 908 	 262 	 896 	 17
16 	 157 	 211 	 745 	 23
17 	 169 	 112 	 945 	 6
18 	 273 	 315 	 2 	 26
19 	 184 	 157 	 57 	 2
20 	 506 	 658 	 727 	 11
21 	 963 	 305 	 350 	 9
22 	 96 	 294 	 843 	 17
23 	 316 	 304 	 837 	 6
24 	 364 	 483 	 332 	 16
25 	 292 	 875 	 936 	 14
26 	 27 	 904 	 795 	 29
27 	 1 	 676 	 860 	 9
28 	 53 	 421 	 401 	 20
29 	 656 	 567 	 796 	 20
30 	 444 	 61 	 979 	 13
31 	 17 	 299 	 709 	 7
32 	 139 	 41 	 7 	 29
33 	 345 	 230 	 721 	 13
34 	 322 	 186 	 401 	 3
35 	 390 	 640 	 991 	 19
36 	 198 	 730 	 254 	 24
37 	 460 	 346 	 762 	 16
38 	 97 	 880 	 628 	 20
39 	 284 	 350 	 656 	 1
40 	 801 	 460 	 457 	 15
41 	 947 	 439 	 599 	 15
42 	 597 	 279 	 683 	 12
43 	 382 	 477 	 183 	 12
44 	 386 	 346 	 701 	 15
45 	 908 	 609 	 53 	 30
46 	 727 	 862 	 108 	 26
47 	 842 	 512 	 505 	 24
48 	 720 	 214 	 229 	 4
49 	 168 	 575 	 763 	 9
50 	 335 	 26 	 770 	 7
51 	 453 	 99 	 140 	 14
52 	 670 	 864 	 9 	 28
53 	 29 	 521 	 633 	 19
54 	 299 	 627 	 641 	 7
55 	 639 	 167 	 213 	 4
56 	 602 	 437 	 195 	 9
57 	 947 	 370 	 327 	 17
58 	 368 	 336 	 602 	 3
59 	 536 	 541 	 378 	 1
60 	 958 	 620 	 461 	 14
61 	 343 	 754 	 262 	 11
62 	 31 	 217 	 305 	 26
63 	 294 	 284 	 761 	 15
64 	 692 	 675 	 849 	 19
65 	 104 	 998 	 68 	 20
66 	 659 	 362 	 710 	 29
67 	 616 	 255 	 501 	 14
68 	 991 	 670 	 207 	 19
69 	 241 	 555 	 112 	 16
70 	 149 	 550 	 739 	 2
71 	 226 	 825 	 242 	 22
72 	 933 	 68 	 504 	 13
73 	 273 	 194 	 29 	 1
74 	 403 	 358 	 807 	 17
75 	 542 	 849 	 803 	 20
76 	 135 	 191 	 408 	 7
77 	 395 	 872 	 874 	 21
78 	 798 	 591 	 403 	 3
79 	 252 	 887 	 373 	 6
80 	 470 	 540 	 41 	 19
81 	 340 	 300 	 329 	 16
82 	 554 	 856 	 501 	 13
83 	 15 	 229 	 620 	 1
84 	 936 	 74 	 335 	 8
85 	 107 	 522 	 111 	 18
86 	 215 	 323 	 321 	 8
87 	 996 	 170 	 697 	 29
88 	 634 	 620 	 23 	 15
89 	 98 	 966 	 65 	 1
90 	 148 	 720 	 183 	 3
91 	 103 	 859 	 879 	 5
92 	 487 	 21 	 55 	 10
93 	 151 	 370 	 72 	 28
94 	 713 	 53 	 711 	 12
95 	 362 	 80 	 413 	 19
96 	 821 	 656 	 502 	 1
97 	 842 	 432 	 375 	 15
98 	 575 	 558 	 844 	 11
99 	 650 	 419 	 134 	 23
100 	 808 	 816 	 846 	 9
101 	 143 	 482 	 354 	 28
102 	 498 	 261 	 437 	 24
103 	 662 	 288 	 470 	 26
104 	 86 	 363 	 408 	 14
105 	 406 	 286 	 271 	 14
106 	 463 	 305 	 280 	 28
107 	 387 	 629 	 418 	 7
108 	 489 	 751 	 343 	 26
109 	 257 	 705 	 33 	 13
110 	 310 	 388 	 20 	 24
111 	 499 	 397 	 104 	 17
112 	 283 	 666 	 677 	 13
113 	 932 	 289 	 286 	 1
114 	 907 	 311 	 907 	 5
115 	 346 	 669 	 7 	 2
116 	 762 	 252 	 467 	 17
117 	 236 	 166 	 814 	 24
118 	 772 	 693 	 523 	 9
119 	 896 	 254 	 995 	 15
120 	 430 	 406 	 944 	 20
121 	 769 	 451 	 646 	 1
122 	 159 	 119 	 233 	 21
123 	 874 	 420 	 367 	 8
124 	 706 	 994 	 336 	 12
125 	 989 	 723 	 362 	 30
126 	 827 	 510 	 880 	 24
127 	 668 	 781 	 148 	 21
128 	 556 	 524 	 324 	 21
129 	 70 	 354 	 238 	 9
130 	 233 	 795 	 727 	 21
131 	 547 	 116 	 6 	 15
132 	 82 	 585 	 150 	 19
133 	 879 	 793 	 859 	 13
134 	 789 	 629 	 830 	 12
135 	 11 	 867 	 731 	 21
136 	 40 	 204 	 124 	 23
137 	 469 	 861 	 237 	 23
138 	 741 	 483 	 323 	 30
139 	 182 	 823 	 929 	 25
140 	 747 	 736 	 523 	 5
141 	 769 	 360 	 530 	 5
142 	 770 	 415 	 964 	 15
143 	 506 	 323 	 108 	 27
144 	 188 	 289 	 575 	 26
145 	 666 	 689 	 310 	 13
146 	 127 	 239 	 641 	 15
147 	 265 	 639 	 407 	 27
148 	 733 	 929 	 913 	 4
149 	 592 	 333 	 307 	 26
150 	 991 	 1000 	 287 	 17
151 	 365 	 333 	 447 	 5
152 	 800 	 405 	 791 	 29
153 	 661 	 949 	 560 	 15
154 	 206 	 35 	 460 	 23
155 	 395 	 337 	 608 	 3
156 	 231 	 480 	 561 	 28
157 	 583 	 180 	 644 	 18
158 	 430 	 315 	 65 	 1
159 	 172 	 13 	 193 	 9
160 	 886 	 685 	 543 	 15
161 	 508 	 710 	 632 	 3
162 	 652 	 145 	 48 	 26
163 	 911 	 972 	 604 	 1
164 	 678 	 528 	 653 	 18
165 	 525 	 426 	 281 	 9
166 	 159 	 711 	 840 	 19
167 	 688 	 79 	 827 	 23
168 	 13 	 40 	 494 	 28
169 	 414 	 494 	 541 	 27
170 	 10 	 47 	 199 	 18
171 	 938 	 527 	 915 	 16
172 	 63 	 509 	 201 	 10
173 	 123 	 264 	 51 	 4
174 	 944 	 942 	 774 	 17
175 	 179 	 776 	 951 	 22
176 	 253 	 935 	 749 	 23
177 	 143 	 801 	 74 	 12
178 	 640 	 531 	 795 	 24
179 	 967 	 603 	 777 	 15
180 	 482 	 484 	 365 	 15
181 	 89 	 351 	 585 	 4
182 	 294 	 325 	 368 	 24
183 	 315 	 907 	 12 	 18
184 	 638 	 325 	 4 	 2
185 	 288 	 135 	 166 	 17
186 	 626 	 404 	 86 	 28
187 	 347 	 513 	 147 	 13
188 	 721 	 186 	 958 	 22
189 	 84 	 247 	 370 	 21
190 	 707 	 711 	 83 	 8
191 	 1 	 420 	 363 	 30
192 	 23 	 401 	 15 	 17
193 	 81 	 600 	 668 	 9
194 	 628 	 967 	 292 	 21
195 	 390 	 851 	 952 	 22
196 	 221 	 684 	 77 	 20
197 	 3 	 634 	 864 	 28
198 	 769 	 802 	 160 	 14
199 	 78 	 239 	 486 	 29
200 	 84 	 970 	 336 	 29
201 	 854 	 409 	 541 	 2
202 	 839 	 21 	 218 	 23
203 	 56 	 966 	 760 	 30
204 	 108 	 634 	 901 	 3
205 	 101 	 929 	 701 	 22
206 	 939 	 335 	 243 	 12
207 	 919 	 853 	 420 	 10
208 	 13 	 994 	 195 	 24
209 	 710 	 46 	 717 	 12
210 	 705 	 670 	 709 	 1
211 	 951 	 185 	 182 	 18
212 	 337 	 168 	 787 	 28
213 	 523 	 830 	 769 	 12
214 	 409 	 300 	 862 	 9
215 	 521 	 266 	 261 	 28
216 	 89 	 89 	 402 	 16
217 	 766 	 365 	 723 	 15
218 	 106 	 618 	 541 	 8
219 	 961 	 273 	 830 	 14
220 	 158 	 875 	 639 	 24
221 	 505 	 590 	 229 	 8
222 	 146 	 785 	 366 	 14
223 	 914 	 923 	 331 	 23
224 	 57 	 225 	 817 	 2
225 	 868 	 557 	 11 	 5
226 	 908 	 313 	 422 	 3
227 	 452 	 513 	 382 	 13
228 	 451 	 825 	 592 	 1
229 	 259 	 792 	 909 	 22
230 	 902 	 323 	 665 	 23
231 	 610 	 386 	 483 	 13
232 	 344 	 501 	 29 	 27
233 	 503 	 703 	 561 	 18
234 	 816 	 335 	 600 	 4
235 	 402 	 809 	 377 	 11
236 	 565 	 199 	 942 	 30
237 	 323 	 678 	 234 	 25
238 	 858 	 39 	 403 	 23
239 	 531 	 562 	 216 	 4
240 	 399 	 128 	 944 	 20
241 	 238 	 922 	 417 	 13
242 	 609 	 642 	 90 	 7
243 	 689 	 351 	 541 	 2
244 	 667 	 103 	 330 	 7
245 	 206 	 172 	 340 	 5
246 	 390 	 417 	 734 	 23
247 	 982 	 555 	 566 	 6
248 	 518 	 899 	 638 	 3
249 	 564 	 402 	 462 	 26
250 	 358 	 317 	 935 	 24
251 	 94 	 3 	 16 	 22
252 	 834 	 61 	 939 	 16
253 	 699 	 191 	 511 	 27
254 	 404 	 428 	 806 	 13
255 	 555 	 841 	 147 	 7
256 	 65 	 774 	 532 	 20
257 	 582 	 926 	 790 	 16
258 	 976 	 902 	 440 	 27
259 	 19 	 153 	 922 	 17
260 	 724 	 901 	 335 	 18
261 	 356 	 141 	 588 	 5
262 	 862 	 402 	 56 	 15
263 	 1000 	 936 	 24 	 10
264 	 339 	 752 	 741 	 12
265 	 135 	 738 	 773 	 9
266 	 55 	 434 	 489 	 17
267 	 29 	 367 	 554 	 8
268 	 227 	 368 	 389 	 25
269 	 266 	 496 	 666 	 11
270 	 610 	 749 	 400 	 14
271 	 28 	 33 	 192 	 15
272 	 897 	 490 	 948 	 26
273 	 138 	 286 	 151 	 21
274 	 745 	 508 	 519 	 3
275 	 415 	 878 	 127 	 18
276 	 473 	 193 	 925 	 14
277 	 280 	 632 	 442 	 12
278 	 515 	 967 	 655 	 8
279 	 60 	 310 	 55 	 24
280 	 247 	 774 	 148 	 26
281 	 563 	 778 	 449 	 30
282 	 255 	 752 	 733 	 11
283 	 733 	 730 	 490 	 14
284 	 152 	 749 	 529 	 25
285 	 837 	 143 	 666 	 13
286 	 899 	 670 	 927 	 16
287 	 934 	 20 	 708 	 13
288 	 507 	 387 	 311 	 13
289 	 118 	 548 	 655 	 25
290 	 873 	 189 	 582 	 15
291 	 434 	 941 	 46 	 6
292 	 899 	 193 	 389 	 29
293 	 143 	 445 	 578 	 21
294 	 136 	 421 	 776 	 13
295 	 290 	 148 	 114 	 29
296 	 491 	 838 	 136 	 18
297 	 941 	 111 	 402 	 20
298 	 983 	 199 	 691 	 24
299 	 262 	 337 	 69 	 10
300 	 80 	 647 	 726 	 6
301 	 915 	 500 	 64 	 13
302 	 453 	 718 	 659 	 26
303 	 343 	 949 	 263 	 26
304 	 781 	 952 	 165 	 16
305 	 239 	 148 	 597 	 13
306 	 435 	 62 	 483 	 4
307 	 988 	 196 	 680 	 17
308 	 20 	 867 	 317 	 21
309 	 316 	 443 	 968 	 2
310 	 306 	 143 	 914 	 14
311 	 205 	 870 	 67 	 27
312 	 786 	 695 	 26 	 6
313 	 238 	 472 	 116 	 29
314 	 118 	 767 	 393 	 18
315 	 492 	 463 	 876 	 18
316 	 379 	 672 	 126 	 5
317 	 93 	 296 	 251 	 3
318 	 12 	 700 	 956 	 24
319 	 765 	 960 	 716 	 15
320 	 353 	 765 	 343 	 20
321 	 991 	 843 	 996 	 19
322 	 80 	 466 	 958 	 24
323 	 280 	 98 	 39 	 24
324 	 574 	 414 	 838 	 1
325 	 789 	 589 	 133 	 7
326 	 285 	 571 	 542 	 8
327 	 963 	 213 	 335 	 4
328 	 560 	 94 	 166 	 19
329 	 955 	 56 	 913 	 11
330 	 220 	 412 	 427 	 2
331 	 324 	 574 	 878 	 14
332 	 744 	 688 	 787 	 24
333 	 974 	 427 	 534 	 29
334 	 128 	 860 	 463 	 12
335 	 526 	 593 	 450 	 6
336 	 288 	 329 	 325 	 23
337 	 386 	 616 	 629 	 21
338 	 184 	 69 	 911 	 16
339 	 487 	 150 	 462 	 8
340 	 217 	 164 	 366 	 6
341 	 366 	 699 	 318 	 30
342 	 249 	 903 	 833 	 8
343 	 355 	 955 	 430 	 17
344 	 509 	 486 	 231 	 26
345 	 232 	 499 	 310 	 12
346 	 982 	 39 	 192 	 10
347 	 901 	 375 	 612 	 29
348 	 243 	 1 	 175 	 19
349 	 84 	 435 	 51 	 30
350 	 54 	 289 	 195 	 1
351 	 318 	 20 	 210 	 30
352 	 506 	 762 	 595 	 18
353 	 161 	 315 	 491 	 7
354 	 645 	 473 	 720 	 17
355 	 603 	 52 	 900 	 30
356 	 191 	 301 	 685 	 9
357 	 636 	 296 	 578 	 11
358 	 492 	 870 	 23 	 13
359 	 714 	 432 	 446 	 7
360 	 402 	 898 	 675 	 6
361 	 61 	 935 	 599 	 29
362 	 469 	 149 	 750 	 13
363 	 676 	 185 	 218 	 15
364 	 902 	 203 	 765 	 3
365 	 249 	 889 	 239 	 30
366 	 355 	 620 	 44 	 22
367 	 827 	 862 	 288 	 15
368 	 588 	 143 	 682 	 17
369 	 637 	 749 	 498 	 9
370 	 627 	 39 	 504 	 10
371 	 570 	 843 	 113 	 12
372 	 856 	 344 	 80 	 23
373 	 860 	 511 	 351 	 29
374 	 150 	 735 	 231 	 9
375 	 900 	 883 	 101 	 15
376 	 843 	 989 	 292 	 25
377 	 369 	 480 	 177 	 18
378 	 468 	 421 	 253 	 7
379 	 950 	 223 	 210 	 16
380 	 502 	 727 	 796 	 10
381 	 525 	 321 	 798 	 12
382 	 870 	 666 	 185 	 18
383 	 924 	 752 	 452 	 16
384 	 961 	 746 	 738 	 13
385 	 575 	 578 	 271 	 7
386 	 488 	 277 	 401 	 3
387 	 156 	 40 	 469 	 20
388 	 848 	 894 	 407 	 15
389 	 749 	 492 	 538 	 12
390 	 154 	 832 	 246 	 4
391 	 384 	 411 	 613 	 7
392 	 229 	 737 	 926 	 17
393 	 794 	 603 	 681 	 21
394 	 745 	 100 	 937 	 11
395 	 585 	 635 	 117 	 5
396 	 949 	 98 	 371 	 28
397 	 500 	 541 	 97 	 22
398 	 297 	 541 	 670 	 18
399 	 894 	 250 	 260 	 15
400 	 565 	 694 	 813 	 15
401 	 100 	 792 	 892 	 4
402 	 222 	 309 	 749 	 10
403 	 922 	 772 	 668 	 22
404 	 310 	 148 	 372 	 10
405 	 920 	 381 	 17 	 12
406 	 606 	 488 	 499 	 15
407 	 239 	 903 	 601 	 29
408 	 108 	 639 	 205 	 16
409 	 356 	 956 	 481 	 14
410 	 270 	 289 	 979 	 17
411 	 310 	 458 	 983 	 4
412 	 176 	 563 	 769 	 20
413 	 998 	 206 	 635 	 24
414 	 373 	 45 	 455 	 1
415 	 114 	 224 	 924 	 21
416 	 690 	 102 	 90 	 16
417 	 699 	 435 	 677 	 4
418 	 202 	 800 	 29 	 25
419 	 633 	 36 	 503 	 14
420 	 487 	 668 	 815 	 8
421 	 220 	 288 	 810 	 9
422 	 766 	 109 	 172 	 1
423 	 538 	 13 	 286 	 13
424 	 805 	 320 	 48 	 30
425 	 336 	 192 	 333 	 19
426 	 278 	 514 	 83 	 9
427 	 764 	 37 	 143 	 21
428 	 93 	 380 	 776 	 26
429 	 132 	 762 	 255 	 7
430 	 677 	 965 	 574 	 21
431 	 591 	 11 	 341 	 10
432 	 237 	 463 	 732 	 4
433 	 760 	 172 	 831 	 2
434 	 688 	 950 	 786 	 11
435 	 203 	 123 	 862 	 11
436 	 592 	 228 	 925 	 24
437 	 811 	 863 	 76 	 28
438 	 665 	 52 	 143 	 20
439 	 791 	 618 	 939 	 12
440 	 663 	 486 	 214 	 21
441 	 219 	 810 	 477 	 2
442 	 753 	 574 	 337 	 23
443 	 874 	 671 	 622 	 11
444 	 906 	 690 	 36 	 30
445 	 503 	 120 	 297 	 30
446 	 606 	 929 	 341 	 1
447 	 880 	 231 	 368 	 5
448 	 465 	 986 	 574 	 27
449 	 761 	 181 	 733 	 8
450 	 347 	 11 	 8 	 4
451 	 700 	 527 	 93 	 14
452 	 127 	 317 	 14 	 11
453 	 505 	 631 	 53 	 4
454 	 220 	 609 	 135 	 19
455 	 732 	 659 	 439 	 25
456 	 511 	 711 	 77 	 6
457 	 355 	 809 	 871 	 21
458 	 139 	 639 	 621 	 9
459 	 723 	 846 	 385 	 13
460 	 712 	 343 	 455 	 30
461 	 615 	 951 	 658 	 28
462 	 980 	 517 	 732 	 1
463 	 755 	 873 	 437 	 6
464 	 24 	 968 	 482 	 15
465 	 970 	 188 	 430 	 5
466 	 336 	 842 	 851 	 29
467 	 727 	 301 	 961 	 19
468 	 536 	 562 	 718 	 4
469 	 589 	 476 	 960 	 6
470 	 372 	 480 	 254 	 29
471 	 558 	 76 	 440 	 8
472 	 968 	 571 	 351 	 22
473 	 416 	 997 	 713 	 18
474 	 302 	 440 	 443 	 10
475 	 52 	 805 	 868 	 17
476 	 453 	 267 	 601 	 26
477 	 620 	 129 	 681 	 19
478 	 889 	 683 	 285 	 6
479 	 755 	 374 	 904 	 20
480 	 106 	 479 	 448 	 25
481 	 504 	 475 	 638 	 17
482 	 496 	 846 	 116 	 9
483 	 302 	 404 	 727 	 30
484 	 3 	 900 	 514 	 2
485 	 614 	 452 	 769 	 3
486 	 58 	 446 	 115 	 21
487 	 794 	 581 	 395 	 27
488 	 882 	 397 	 599 	 16
489 	 1 	 315 	 838 	 10
490 	 36 	 502 	 799 	 13
491 	 728 	 283 	 435 	 25
492 	 651 	 647 	 507 	 10
493 	 403 	 726 	 262 	 8
494 	 326 	 826 	 459 	 20
495 	 882 	 566 	 75 	 1
496 	 634 	 449 	 141 	 25
497 	 661 	 514 	 161 	 27
498 	 836 	 397 	 729 	 20
499 	 233 	 37 	 142 	 18
500 	 441 	 979 	 541 	 26
501 	 455 	 555 	 295 	 3
502 	 371 	 791 	 89 	 20
503 	 490 	 784 	 112 	 6
504 	 987 	 647 	 985 	 5
505 	 82 	 53 	 247 	 25
506 	 582 	 595 	 957 	 25
507 	 101 	 64 	 125 	 30
508 	 454 	 19 	 200 	 9
509 	 794 	 328 	 616 	 29
510 	 101 	 725 	 536 	 28
511 	 579 	 419 	 216 	 14
512 	 412 	 532 	 945 	 12
513 	 988 	 190 	 792 	 9
514 	 699 	 928 	 495 	 18
515 	 283 	 746 	 378 	 24
516 	 29 	 296 	 326 	 19
517 	 689 	 41 	 641 	 14
518 	 201 	 582 	 491 	 19
519 	 62 	 637 	 277 	 15
520 	 399 	 151 	 772 	 9
521 	 695 	 490 	 120 	 24
522 	 313 	 460 	 488 	 3
523 	 72 	 455 	 18 	 25
524 	 659 	 165 	 80 	 23
525 	 102 	 44 	 795 	 1
526 	 990 	 45 	 289 	 6
527 	 860 	 991 	 823 	 25
528 	 755 	 90 	 157 	 16
529 	 613 	 111 	 289 	 5
530 	 454 	 368 	 790 	 13
531 	 437 	 2 	 746 	 16
532 	 834 	 219 	 953 	 11
533 	 208 	 423 	 409 	 23
534 	 659 	 174 	 129 	 19
535 	 814 	 927 	 168 	 23
536 	 383 	 112 	 190 	 12
537 	 887 	 869 	 822 	 23
538 	 430 	 899 	 796 	 18
539 	 63 	 504 	 202 	 13
540 	 787 	 908 	 81 	 25
541 	 52 	 961 	 548 	 23
542 	 394 	 485 	 332 	 6
543 	 108 	 435 	 177 	 6
544 	 549 	 412 	 363 	 20
545 	 659 	 204 	 333 	 11
546 	 699 	 786 	 622 	 21
547 	 600 	 391 	 144 	 30
548 	 784 	 203 	 145 	 9
549 	 144 	 977 	 685 	 15
550 	 254 	 802 	 533 	 19
551 	 328 	 593 	 578 	 30
552 	 536 	 341 	 969 	 17
553 	 832 	 680 	 896 	 16
554 	 681 	 249 	 879 	 9
555 	 321 	 21 	 593 	 30
556 	 772 	 889 	 669 	 22
557 	 717 	 38 	 810 	 30
558 	 331 	 297 	 625 	 8
559 	 702 	 375 	 792 	 21
560 	 403 	 624 	 641 	 23
561 	 702 	 178 	 124 	 27
562 	 318 	 354 	 721 	 6
563 	 882 	 936 	 988 	 19
564 	 988 	 33 	 52 	 13
565 	 311 	 910 	 312 	 29
566 	 24 	 330 	 817 	 28
567 	 132 	 122 	 580 	 22
568 	 875 	 257 	 625 	 6
569 	 175 	 86 	 704 	 14
570 	 507 	 853 	 238 	 12
571 	 530 	 55 	 341 	 9
572 	 964 	 800 	 179 	 6
573 	 329 	 114 	 123 	 13
574 	 925 	 806 	 718 	 20
575 	 146 	 653 	 999 	 15
576 	 507 	 531 	 920 	 16
577 	 729 	 827 	 86 	 27
578 	 810 	 144 	 165 	 1
579 	 961 	 357 	 49 	 5
580 	 597 	 25 	 462 	 9
581 	 797 	 194 	 407 	 15
582 	 368 	 847 	 407 	 9
583 	 746 	 668 	 707 	 10
584 	 149 	 719 	 785 	 2
585 	 434 	 815 	 724 	 18
586 	 40 	 114 	 499 	 18
587 	 326 	 569 	 783 	 20
588 	 726 	 662 	 631 	 6
589 	 744 	 711 	 665 	 22
590 	 648 	 124 	 326 	 10
591 	 106 	 193 	 990 	 2
592 	 424 	 584 	 808 	 10
593 	 346 	 299 	 908 	 18
594 	 43 	 365 	 263 	 22
595 	 475 	 618 	 484 	 6
596 	 178 	 684 	 926 	 27
597 	 359 	 30 	 149 	 18
598 	 779 	 99 	 482 	 17
599 	 613 	 60 	 12 	 25
600 	 892 	 96 	 769 	 23
601 	 142 	 396 	 694 	 8
602 	 938 	 698 	 243 	 7
603 	 253 	 888 	 200 	 6
604 	 891 	 697 	 936 	 22
605 	 343 	 189 	 695 	 22
606 	 425 	 101 	 271 	 16
607 	 141 	 533 	 165 	 30
608 	 136 	 66 	 189 	 17
609 	 510 	 753 	 860 	 24
610 	 252 	 160 	 964 	 4
611 	 951 	 212 	 593 	 5
612 	 457 	 439 	 444 	 15
613 	 328 	 287 	 86 	 16
614 	 725 	 770 	 173 	 26
615 	 542 	 520 	 351 	 27
616 	 96 	 369 	 803 	 11
617 	 640 	 920 	 484 	 7
618 	 423 	 832 	 755 	 7
619 	 778 	 66 	 227 	 13
620 	 784 	 357 	 606 	 21
621 	 720 	 355 	 589 	 4
622 	 833 	 437 	 269 	 8
623 	 803 	 631 	 817 	 7
624 	 296 	 276 	 196 	 1
625 	 904 	 245 	 573 	 20
626 	 377 	 827 	 17 	 20
627 	 254 	 989 	 263 	 4
628 	 23 	 861 	 439 	 30
629 	 790 	 709 	 852 	 12
630 	 593 	 323 	 612 	 25
631 	 453 	 388 	 682 	 28
632 	 811 	 425 	 246 	 21
633 	 804 	 809 	 929 	 11
634 	 831 	 741 	 674 	 25
635 	 786 	 955 	 247 	 29
636 	 409 	 816 	 886 	 25
637 	 114 	 600 	 801 	 20
638 	 337 	 509 	 809 	 5
639 	 943 	 421 	 123 	 23
640 	 233 	 321 	 341 	 18
641 	 503 	 962 	 988 	 1
642 	 794 	 439 	 150 	 23
643 	 215 	 688 	 78 	 23
644 	 337 	 134 	 88 	 7
645 	 441 	 110 	 125 	 3
646 	 202 	 249 	 583 	 16
647 	 275 	 804 	 285 	 2
648 	 500 	 469 	 794 	 5
649 	 369 	 931 	 673 	 8
650 	 579 	 565 	 776 	 27
651 	 896 	 24 	 753 	 24
652 	 159 	 285 	 56 	 1
653 	 387 	 961 	 850 	 25
654 	 176 	 613 	 840 	 4
655 	 261 	 252 	 30 	 16
656 	 714 	 531 	 163 	 8
657 	 798 	 527 	 49 	 21
658 	 942 	 993 	 250 	 28
659 	 32 	 670 	 261 	 12
660 	 449 	 304 	 621 	 16
661 	 237 	 987 	 598 	 17
662 	 209 	 632 	 378 	 18
663 	 447 	 139 	 372 	 11
664 	 413 	 23 	 652 	 20
665 	 402 	 915 	 50 	 17
666 	 765 	 76 	 36 	 24
667 	 424 	 690 	 340 	 16
668 	 703 	 914 	 948 	 12
669 	 734 	 534 	 30 	 28
670 	 406 	 112 	 225 	 7
671 	 780 	 800 	 869 	 28
672 	 438 	 534 	 163 	 25
673 	 278 	 407 	 587 	 9
674 	 358 	 980 	 279 	 21
675 	 848 	 614 	 870 	 15
676 	 425 	 278 	 744 	 29
677 	 900 	 858 	 58 	 9
678 	 98 	 505 	 739 	 27
679 	 669 	 801 	 533 	 24
680 	 331 	 648 	 374 	 10
681 	 376 	 511 	 587 	 7
682 	 818 	 590 	 939 	 24
683 	 359 	 641 	 548 	 2
684 	 425 	 822 	 584 	 1
685 	 141 	 30 	 978 	 3
686 	 806 	 829 	 736 	 24
687 	 305 	 19 	 561 	 19
688 	 84 	 29 	 317 	 24
689 	 674 	 531 	 794 	 17
690 	 167 	 67 	 779 	 1
691 	 294 	 318 	 546 	 25
692 	 909 	 601 	 373 	 6
693 	 68 	 779 	 216 	 29
694 	 582 	 780 	 454 	 27
695 	 132 	 321 	 138 	 4
696 	 186 	 747 	 764 	 14
697 	 564 	 430 	 810 	 28
698 	 534 	 404 	 110 	 15
699 	 279 	 496 	 541 	 8
700 	 971 	 246 	 200 	 8
701 	 621 	 265 	 351 	 10
702 	 713 	 526 	 344 	 23
703 	 463 	 8 	 965 	 22
704 	 693 	 26 	 628 	 12
705 	 57 	 668 	 348 	 9
706 	 339 	 248 	 529 	 23
707 	 736 	 694 	 906 	 19
708 	 500 	 883 	 108 	 8
709 	 310 	 553 	 245 	 13
710 	 598 	 670 	 341 	 4
711 	 642 	 669 	 545 	 27
712 	 151 	 771 	 535 	 18
713 	 690 	 410 	 514 	 3
714 	 65 	 22 	 642 	 26
715 	 581 	 190 	 962 	 22
716 	 119 	 292 	 35 	 11
717 	 785 	 456 	 843 	 9
718 	 866 	 390 	 682 	 12
719 	 202 	 40 	 225 	 11
720 	 577 	 882 	 844 	 18
721 	 296 	 721 	 885 	 9
722 	 405 	 546 	 524 	 22
723 	 617 	 777 	 381 	 3
724 	 823 	 744 	 662 	 17
725 	 701 	 718 	 511 	 23
726 	 3 	 768 	 292 	 29
727 	 256 	 890 	 646 	 30
728 	 720 	 264 	 367 	 20
729 	 653 	 481 	 224 	 21
730 	 869 	 555 	 831 	 26
731 	 571 	 914 	 197 	 1
732 	 242 	 555 	 790 	 17
733 	 755 	 278 	 197 	 4
734 	 522 	 762 	 263 	 1
735 	 439 	 661 	 963 	 18
736 	 876 	 562 	 569 	 5
737 	 366 	 393 	 337 	 24
738 	 394 	 757 	 627 	 25
739 	 438 	 730 	 86 	 23
740 	 225 	 779 	 59 	 9
741 	 656 	 344 	 594 	 21
742 	 328 	 806 	 767 	 11
743 	 588 	 250 	 751 	 29
744 	 609 	 12 	 285 	 24
745 	 702 	 936 	 453 	 16
746 	 376 	 460 	 794 	 12
747 	 835 	 612 	 532 	 16
748 	 175 	 645 	 701 	 24
749 	 391 	 53 	 862 	 17
750 	 898 	 77 	 417 	 5
751 	 204 	 508 	 353 	 26
752 	 451 	 825 	 352 	 23
753 	 879 	 618 	 334 	 23
754 	 591 	 585 	 821 	 2
755 	 898 	 208 	 784 	 6
756 	 900 	 348 	 221 	 27
757 	 102 	 762 	 355 	 14
758 	 499 	 992 	 255 	 21
759 	 778 	 646 	 891 	 3
760 	 652 	 371 	 617 	 2
761 	 88 	 612 	 792 	 18
762 	 584 	 849 	 328 	 29
763 	 456 	 941 	 869 	 23
764 	 530 	 153 	 227 	 5
765 	 312 	 625 	 536 	 27
766 	 503 	 539 	 694 	 2
767 	 415 	 333 	 865 	 29
768 	 568 	 54 	 460 	 26
769 	 23 	 50 	 115 	 2
770 	 72 	 593 	 587 	 21
771 	 512 	 347 	 181 	 11
772 	 907 	 274 	 533 	 6
773 	 84 	 111 	 675 	 7
774 	 935 	 802 	 203 	 30
775 	 558 	 363 	 989 	 12
776 	 564 	 833 	 576 	 15
777 	 186 	 120 	 147 	 11
778 	 900 	 470 	 787 	 21
779 	 111 	 356 	 278 	 15
780 	 618 	 23 	 971 	 2
781 	 17 	 351 	 971 	 28
782 	 664 	 60 	 604 	 15
783 	 849 	 737 	 595 	 5
784 	 593 	 774 	 409 	 14
785 	 315 	 122 	 295 	 22
786 	 906 	 295 	 809 	 30
787 	 630 	 588 	 698 	 7
788 	 164 	 884 	 186 	 11
789 	 787 	 943 	 129 	 13
790 	 368 	 592 	 418 	 24
791 	 67 	 166 	 290 	 30
792 	 336 	 58 	 819 	 8
793 	 985 	 10 	 639 	 7
794 	 610 	 431 	 545 	 2
795 	 893 	 504 	 759 	 2
796 	 930 	 39 	 951 	 5
797 	 31 	 317 	 148 	 16
798 	 775 	 954 	 383 	 5
799 	 302 	 991 	 518 	 5
800 	 475 	 730 	 720 	 19
801 	 421 	 107 	 428 	 24
802 	 337 	 365 	 285 	 16
803 	 688 	 820 	 275 	 7
804 	 673 	 556 	 710 	 4
805 	 918 	 746 	 64 	 3
806 	 700 	 447 	 36 	 5
807 	 200 	 616 	 572 	 4
808 	 661 	 763 	 379 	 18
809 	 783 	 277 	 37 	 3
810 	 563 	 178 	 303 	 24
811 	 21 	 37 	 547 	 23
812 	 925 	 609 	 200 	 21
813 	 287 	 553 	 99 	 21
814 	 475 	 359 	 889 	 4
815 	 350 	 300 	 208 	 21
816 	 16 	 439 	 871 	 23
817 	 762 	 891 	 563 	 25
818 	 989 	 611 	 988 	 13
819 	 972 	 674 	 314 	 20
820 	 452 	 897 	 535 	 18
821 	 222 	 112 	 163 	 19
822 	 305 	 946 	 367 	 8
823 	 825 	 951 	 165 	 7
824 	 466 	 541 	 376 	 14
825 	 330 	 349 	 460 	 18
826 	 668 	 730 	 772 	 27
827 	 289 	 557 	 986 	 1
828 	 37 	 682 	 130 	 11
829 	 432 	 175 	 380 	 11
830 	 205 	 51 	 398 	 19
831 	 596 	 437 	 19 	 20
832 	 437 	 672 	 397 	 14
833 	 643 	 134 	 944 	 30
834 	 522 	 324 	 316 	 16
835 	 257 	 703 	 435 	 24
836 	 124 	 605 	 424 	 20
837 	 835 	 767 	 213 	 6
838 	 151 	 816 	 371 	 20
839 	 867 	 129 	 717 	 6
840 	 795 	 947 	 392 	 13
841 	 602 	 936 	 13 	 8
842 	 167 	 272 	 180 	 24
843 	 635 	 669 	 181 	 25
844 	 86 	 74 	 276 	 22
845 	 106 	 134 	 746 	 4
846 	 305 	 468 	 46 	 13
847 	 813 	 265 	 297 	 16
848 	 953 	 776 	 148 	 6
849 	 784 	 340 	 295 	 21
850 	 115 	 177 	 295 	 13
851 	 691 	 701 	 983 	 6
852 	 200 	 292 	 90 	 7
853 	 923 	 454 	 677 	 19
854 	 302 	 461 	 380 	 18
855 	 59 	 935 	 346 	 19
856 	 457 	 816 	 720 	 14
857 	 660 	 663 	 1000 	 19
858 	 754 	 312 	 724 	 20
859 	 854 	 258 	 728 	 27
860 	 708 	 337 	 27 	 8
861 	 362 	 420 	 515 	 1
862 	 366 	 46 	 946 	 4
863 	 748 	 262 	 230 	 18
864 	 580 	 351 	 348 	 25
865 	 447 	 864 	 713 	 15
866 	 731 	 305 	 916 	 27
867 	 412 	 468 	 451 	 10
868 	 444 	 338 	 512 	 1
869 	 618 	 554 	 38 	 30
870 	 50 	 300 	 13 	 18
871 	 607 	 699 	 113 	 14
872 	 395 	 555 	 733 	 10
873 	 103 	 580 	 412 	 16
874 	 681 	 888 	 498 	 25
875 	 777 	 305 	 253 	 7
876 	 752 	 832 	 498 	 15
877 	 753 	 303 	 437 	 7
878 	 352 	 263 	 254 	 19
879 	 238 	 494 	 570 	 2
880 	 962 	 90 	 315 	 4
881 	 357 	 578 	 493 	 16
882 	 654 	 637 	 790 	 22
883 	 359 	 435 	 434 	 11
884 	 71 	 383 	 531 	 11
885 	 416 	 99 	 230 	 16
886 	 845 	 981 	 153 	 18
887 	 763 	 908 	 790 	 4
888 	 689 	 160 	 42 	 2
889 	 355 	 845 	 521 	 5
890 	 22 	 443 	 14 	 2
891 	 91 	 350 	 483 	 2
892 	 438 	 915 	 338 	 14
893 	 647 	 379 	 131 	 29
894 	 562 	 16 	 271 	 28
895 	 672 	 183 	 115 	 8
896 	 948 	 644 	 481 	 6
897 	 159 	 872 	 77 	 7
898 	 110 	 487 	 179 	 28
899 	 480 	 382 	 620 	 8
900 	 25 	 951 	 447 	 1
901 	 58 	 193 	 885 	 11
902 	 266 	 54 	 769 	 4
903 	 824 	 502 	 538 	 11
904 	 895 	 347 	 515 	 1
905 	 908 	 29 	 594 	 15
906 	 947 	 318 	 513 	 27
907 	 638 	 793 	 464 	 6
908 	 127 	 538 	 96 	 7
909 	 390 	 398 	 724 	 26
910 	 823 	 509 	 883 	 12
911 	 761 	 916 	 442 	 4
912 	 455 	 509 	 763 	 16
913 	 159 	 976 	 60 	 14
914 	 453 	 70 	 146 	 21
915 	 893 	 315 	 347 	 6
916 	 522 	 97 	 844 	 13
917 	 941 	 32 	 564 	 29
918 	 887 	 14 	 364 	 25
919 	 534 	 865 	 227 	 14
920 	 32 	 881 	 429 	 29
921 	 988 	 688 	 450 	 9
922 	 467 	 454 	 228 	 6
923 	 523 	 436 	 381 	 15
924 	 396 	 258 	 685 	 2
925 	 383 	 965 	 396 	 28
926 	 516 	 592 	 271 	 9
927 	 581 	 868 	 788 	 27
928 	 473 	 667 	 657 	 8
929 	 164 	 306 	 108 	 24
930 	 162 	 954 	 972 	 23
931 	 510 	 805 	 320 	 23
932 	 204 	 199 	 819 	 26
933 	 522 	 627 	 324 	 1
934 	 870 	 256 	 813 	 3
935 	 861 	 959 	 625 	 26
936 	 530 	 709 	 367 	 6
937 	 405 	 303 	 55 	 8
938 	 25 	 950 	 450 	 2
939 	 322 	 81 	 482 	 2
940 	 99 	 302 	 111 	 22
941 	 524 	 873 	 801 	 23
942 	 490 	 60 	 704 	 20
943 	 285 	 600 	 302 	 3
944 	 572 	 447 	 657 	 19
945 	 956 	 429 	 882 	 7
946 	 712 	 66 	 193 	 6
947 	 199 	 368 	 560 	 27
948 	 98 	 891 	 335 	 26
949 	 531 	 20 	 501 	 26
950 	 552 	 178 	 262 	 14
951 	 484 	 416 	 887 	 27
952 	 238 	 397 	 378 	 1
953 	 850 	 591 	 922 	 9
954 	 203 	 168 	 819 	 28
955 	 812 	 496 	 585 	 22
956 	 359 	 280 	 92 	 11
957 	 782 	 48 	 889 	 7
958 	 122 	 938 	 353 	 9
959 	 949 	 927 	 39 	 27
960 	 149 	 602 	 692 	 22
961 	 619 	 755 	 176 	 27
962 	 682 	 474 	 429 	 11
963 	 947 	 379 	 994 	 20
964 	 154 	 689 	 704 	 23
965 	 203 	 695 	 481 	 24
966 	 492 	 594 	 262 	 20
967 	 661 	 38 	 61 	 13
968 	 219 	 93 	 268 	 24
969 	 71 	 497 	 993 	 11
970 	 3 	 746 	 881 	 22
971 	 686 	 672 	 413 	 29
972 	 322 	 850 	 784 	 27
973 	 625 	 255 	 185 	 4
974 	 498 	 24 	 70 	 15
975 	 276 	 89 	 703 	 12
976 	 36 	 246 	 726 	 29
977 	 228 	 736 	 834 	 13
978 	 863 	 405 	 659 	 13
979 	 137 	 868 	 979 	 14
980 	 799 	 21 	 381 	 22
981 	 435 	 933 	 579 	 4
982 	 592 	 860 	 303 	 11
983 	 325 	 102 	 31 	 16
984 	 745 	 497 	 353 	 7
985 	 932 	 327 	 320 	 24
986 	 27 	 734 	 883 	 9
987 	 489 	 116 	 909 	 11
988 	 684 	 44 	 764 	 9
989 	 488 	 704 	 174 	 10
990 	 589 	 141 	 198 	 6
991 	 237 	 382 	 98 	 4
992 	 122 	 951 	 779 	 3
993 	 608 	 298 	 696 	 18
994 	 179 	 584 	 462 	 15
995 	 366 	 507 	 967 	 4
996 	 568 	 444 	 987 	 30
997 	 553 	 704 	 451 	 9
998 	 945 	 624 	 723 	 18
999 	 742 	 201 	 585 	 4
1000 	 158 	 988 	 291 	 8
